[gd_scene load_steps=7 format=3 uid="uid://cved2cbb8lisd"]

[sub_resource type="BoxShape3D" id="BoxShape3D_7dm0k"]
size = Vector3(100, 1, 100)

[sub_resource type="BoxMesh" id="BoxMesh_ig7tw"]
size = Vector3(100, 1, 100)

[sub_resource type="StandardMaterial3D" id="StandardMaterial3D_7dm0k"]
albedo_color = Color(0.96582, 0.448617, 0.198049, 1)

[sub_resource type="CylinderMesh" id="CylinderMesh_ig7tw"]
material = SubResource("StandardMaterial3D_7dm0k")

[sub_resource type="StandardMaterial3D" id="StandardMaterial3D_0xm2m"]

[sub_resource type="Curve3D" id="Curve3D_h2yge"]
closed = true
_data = {
"points": PackedVector3Array(0, 0, 0, 0, 0, 0, 39.6276, 0, 40.2244, 0, 0, 0, 0, 0, 0, -40.3042, 0, 40.046),
"tilts": PackedFloat32Array(0, 0)
}
point_count = 2

[node name="Main" type="Node3D"]

[node name="Ground" type="StaticBody3D" parent="."]
transform = Transform3D(1, 0, 0, 0, 1, 0, 0, 0, 1, 0, -1, 0)

[node name="CollisionShape3D" type="CollisionShape3D" parent="Ground"]
shape = SubResource("BoxShape3D_7dm0k")

[node name="MeshInstance3D" type="MeshInstance3D" parent="Ground"]
mesh = SubResource("BoxMesh_ig7tw")
skeleton = NodePath("../CollisionShape3D")

[node name="DirectionalLight3D" type="DirectionalLight3D" parent="."]
transform = Transform3D(1, 0, 0, 0, -0.161604, 0.986856, 0, -0.986856, -0.161604, 0, 34.9158, 0)
shadow_enabled = true

[node name="Camera3D" type="Camera3D" parent="."]
transform = Transform3D(-0.558773, 0.750847, -0.352138, -1.13401e-11, 0.42461, 0.905376, 0.829321, 0.5059, -0.237261, -39.0896, 24.3077, -10.3211)
fov = 105.634

[node name="Cilynders" type="Node3D" parent="."]

[node name="MeshInstance3D" type="MeshInstance3D" parent="Cilynders"]
transform = Transform3D(-0.998566, 0.0535386, 0, -0.0535386, -0.998566, 0, 0, 0, 1, 39.9295, 0, 40.1443)
mesh = SubResource("CylinderMesh_ig7tw")
surface_material_override/0 = SubResource("StandardMaterial3D_0xm2m")

[node name="MeshInstance3D2" type="MeshInstance3D" parent="Cilynders"]
transform = Transform3D(-0.998566, 0.0535386, 0, -0.0535386, -0.998566, 0, 0, 0, 1, -40.0023, 0, 39.9659)
mesh = SubResource("CylinderMesh_ig7tw")
surface_material_override/0 = SubResource("StandardMaterial3D_0xm2m")

[node name="SpawnPath" type="Path3D" parent="."]
curve = SubResource("Curve3D_h2yge")

[node name="SpawnLocation" type="PathFollow3D" parent="SpawnPath"]
transform = Transform3D(0.00223215, 0, 0.999997, 0, 1, 0, -0.999997, 0, 0.00223215, 39.6276, 0, 40.2244)
